service_id,monday,tuesday,wednesday,thursday,friday,saturday,sunday,start_date,end_date
ATS_SBL 26-43215,1,1,1,1,1,1,1,20260627,20260627
ATS_SBL 26-43214,1,1,1,1,1,1,1,20260628,20260628
ATS_SBL 26-43216,1,1,1,1,1,1,1,20260629,20260702
ATS_SBL 26-43217,1,1,1,1,1,1,1,20260703,20260703
ATS_SBL 26-43218,1,1,1,1,1,1,1,20260704,20260704
ATS_SBL 26-43219,1,1,1,1,1,1,1,20260705,20260705
ATS_SBL 26-43339,1,1,1,1,1,1,1,20260706,20260709
ATS_SBL 26-43340,1,1,1,1,1,1,1,20260710,20260710
ATS_SBL 26-43341,1,1,1,1,1,1,1,20260711,20260711
ATS_SBL 26-43342,1,1,1,1,1,1,1,20260712,20260712
ATS_SBL 26-43343,1,1,1,1,1,1,1,20260713,20260716
ATS_SBL 26-43344,1,1,1,1,1,1,1,20260717,20260717
ATS_SBL 26-43345,1,1,1,1,1,1,1,20260718,20260718
ATS_SBL 26-43346,1,1,1,1,1,1,1,20260719,20260719
BT 25_26-42055,0,0,0,0,0,1,0,20260627,20260627
BT 25_26-42054,0,0,0,0,0,0,1,20260628,20260628
BT 25_26-42057,1,1,1,1,1,0,0,20260623,20260626
BT 25_26-42057-0000100,0,0,0,0,1,0,0,20260623,20260626
BT 25_26-42057-1000000,1,0,0,0,0,0,0,20260623,20260626
BT 25_26-42057-0111100,0,1,1,1,1,0,0,20260623,20260626
BT 25_26-42057-1111000,1,1,1,1,0,0,0,20260623,20260626
BBL 25_26-39417,1,1,1,1,1,0,0,20260623,20260626
BBL 26_27-42237,1,1,1,1,1,0,0,20260629,20260821
BCC 25_26-39837,0,0,0,0,1,0,0,20260626,20260626
BCC 26_27-42969,0,0,0,0,1,0,0,20260703,20260821
BCC 25_26-39840,1,1,1,1,0,0,0,20260623,20260625
BCC 26_27-42968,1,1,1,1,0,0,0,20260629,20260820
BCC 26_27-42970,0,0,0,0,0,1,0,20260704,20260822
BCC 25_26-40030,0,0,0,0,0,1,0,20260627,20260627
BCC 26_27-42971,0,0,0,0,0,0,1,20260705,20260816
BCC 25_26-40029,0,0,0,0,0,0,1,20260628,20260628
CBL 26_27-42792,1,1,1,1,1,0,0,20260713,20260821
CBL 26_27-42792-0001000,0,0,0,1,0,0,0,20260713,20260821
CBL 25_26-43223,1,1,1,1,1,0,0,20260623,20260626
CBL 25_26-43223-0001000,0,0,0,1,0,0,0,20260623,20260626
CBL 26_27-42793,1,1,1,1,1,0,0,20260629,20260710
CBL 26_27-42793-0001000,0,0,0,1,0,0,0,20260629,20260710
CBL 26_27-42789,0,0,0,0,0,1,0,20260704,20260822
CBL 25_26-43224,0,0,0,0,0,1,0,20260627,20260627
CBL 26_27-42791,0,0,0,0,0,0,1,20260705,20260816
CBL 25_26-43225,0,0,0,0,0,0,1,20260628,20260628
CDC 25_26-43187,1,1,1,1,1,0,0,20260623,20260626
CDC 26_27-43110,1,1,1,1,1,0,0,20260720,20260821
CDC 26_27-43188,1,1,1,1,1,0,0,20260713,20260717
ATS_TBS 26-43314,1,1,1,1,1,0,0,20260709,20260709
COO 25_26-41439,1,1,1,1,1,0,0,20260623,20260626
COO 26_27-43134,1,1,1,1,1,0,0,20260629,20260821
COO 25_26-41436,0,0,0,0,0,1,0,20260627,20260627
COO 26_27-43136,0,0,0,0,0,1,0,20260704,20260822
COO 25_26-41437,0,0,0,0,0,0,1,20260628,20260628
COO 26_27-43135,0,0,0,0,0,0,1,20260705,20260816
KBL 26_27-42864,1,1,1,1,1,1,1,20260810,20260810
GCLR 25_26-43300,0,0,0,0,1,0,0,20260626,20260626
GCLR 26_27-43304,0,0,0,0,1,0,0,20260703,20260821
HBL 26_27-42809,0,0,0,0,1,0,0,20260717,20260821
HBL 25_26-40965,0,0,0,0,1,0,0,20260626,20260626
HBL 26_27-42814,1,1,1,1,0,0,0,20260713,20260820
HBL 25_26-40963,1,1,1,1,0,0,0,20260623,20260625
HBL 26_27-42810,0,0,0,0,1,0,0,20260703,20260710
HBL 26_27-42815,1,1,1,1,0,0,0,20260629,20260709
HBL 26_27-42808,0,0,0,0,0,1,0,20260704,20260822
HBL 25_26-40966,0,0,0,0,0,1,0,20260627,20260627
HBL 26_27-42813,0,0,0,0,0,0,1,20260705,20260816
HBL 25_26-40964,0,0,0,0,0,0,1,20260628,20260628
BT 26_27-42825,1,1,1,1,1,0,0,20260720,20260821
BT 26_27-42825-0000100,0,0,0,0,1,0,0,20260720,20260821
BT 26_27-42825-1000000,1,0,0,0,0,0,0,20260720,20260821
BT 26_27-42825-0111100,0,1,1,1,1,0,0,20260720,20260821
BT 26_27-42825-1111000,1,1,1,1,0,0,0,20260720,20260821
MET 25_26-39105,1,1,1,1,1,0,0,20260623,20260626
MET 25_26-39105-0000100,0,0,0,0,1,0,0,20260623,20260626
MET 26_27-42804,1,1,1,1,1,0,0,20260629,20260821
MET 26_27-42804-0000100,0,0,0,0,1,0,0,20260629,20260821
BT 26_27-42823,0,0,0,0,0,1,0,20260704,20260822
MET 25_26-39106,0,0,0,0,0,1,0,20260627,20260627
MET 26_27-42803,0,0,0,0,0,1,0,20260704,20260822
BT 26_27-42824,0,0,0,0,0,0,1,20260705,20260816
MET 25_26-39107,0,0,0,0,0,0,1,20260628,20260628
MET 26_27-42802,0,0,0,0,0,0,1,20260705,20260816
BT 26_27-42829,1,1,1,1,1,0,0,20260713,20260717
BT 26_27-42829-0000100,0,0,0,0,1,0,0,20260713,20260717
BT 26_27-42829-0111100,0,1,1,1,1,0,0,20260713,20260717
BT 26_27-42829-1000000,1,0,0,0,0,0,0,20260713,20260717
BT 26_27-42829-1111000,1,1,1,1,0,0,0,20260713,20260717
BT 26_27-42831,0,0,0,0,0,0,1,20260812,20260812
MET 26_27-42806,0,0,0,0,0,0,1,20260812,20260812
BT 26_27-42832,1,1,1,1,1,0,0,20260629,20260703
BT 26_27-42832-0000100,0,0,0,0,1,0,0,20260629,20260703
BT 26_27-42832-1111000,1,1,1,1,0,0,0,20260629,20260703
BT 26_27-42834,1,1,1,1,1,0,0,20260706,20260710
BT 26_27-42834-0000100,0,0,0,0,1,0,0,20260706,20260710
BT 26_27-42834-1111000,1,1,1,1,0,0,0,20260706,20260710
KBL 26_27-42862,1,1,1,1,1,0,0,20260713,20260821
KBL 25_26-42843,1,1,1,1,1,0,0,20260623,20260626
KBL 26_27-42865,1,1,1,1,1,0,0,20260629,20260710
KBL 26_27-42861,0,0,0,0,0,1,0,20260704,20260822
KBL 25_26-42844,0,0,0,0,0,1,0,20260627,20260627
KBL 26_27-42863,0,0,0,0,0,0,1,20260705,20260816
KBL 25_26-42846,0,0,0,0,0,0,1,20260628,20260628
LCBS 26_27-43168,1,1,1,1,1,0,0,20260713,20260821
LCBS 26_27-43168-0000100,0,0,0,0,1,0,0,20260713,20260821
LCBS 25_26-42678,1,1,1,1,1,0,0,20260623,20260626
LCBS 25_26-42678-0000100,0,0,0,0,1,0,0,20260623,20260626
LCBS 26_27-43347,1,1,1,1,1,0,0,20260629,20260703
LCBS 26_27-43347-0000100,0,0,0,0,1,0,0,20260629,20260703
LCBS 26_27-43348,1,1,1,1,1,0,0,20260706,20260710
LCBS 26_27-43348-0000100,0,0,0,0,1,0,0,20260706,20260710
LCBS 26_27-43170,0,0,0,0,0,1,0,20260704,20260822
LCBS 25_26-42682,0,0,0,0,0,1,0,20260627,20260627
LCBS 26_27-43172,0,0,0,0,0,0,1,20260705,20260816
LCBS 25_26-42679,0,0,0,0,0,0,1,20260628,20260628
LOGC 25_26-39704,1,1,1,1,1,0,0,20260623,20260626
LOGC 26_27-43196,1,1,1,1,1,0,0,20260629,20260821
LOGC 25_26-39705,0,0,0,0,0,1,0,20260627,20260627
LOGC 26_27-43194,0,0,0,0,0,1,0,20260704,20260822
LOGC 25_26-39706,0,0,0,0,0,0,1,20260628,20260628
LOGC 26_27-43195,0,0,0,0,0,0,1,20260705,20260816
LVB 25_26-39643,0,0,0,0,0,1,0,20260627,20260627
LVB 26_27-43098,0,0,0,0,0,1,0,20260704,20260822
LVB 25_26-39644,0,0,0,0,0,0,1,20260628,20260628
LVB 26_27-43096,0,0,0,0,0,0,1,20260705,20260816
LVB 25_26-39645,1,1,1,1,1,0,0,20260623,20260626
LVB 26_27-43097,1,1,1,1,1,0,0,20260629,20260821
MGB 26_27-43027,1,1,1,1,1,0,0,20260713,20260821
MGB 25_26-42689,1,1,1,1,1,0,0,20260623,20260626
MGB 26_27-43025,1,1,1,1,1,0,0,20260629,20260710
MGB 26_27-43026,0,0,0,0,0,1,0,20260704,20260822
MGB 25_26-42690,0,0,0,0,0,1,0,20260627,20260627
MGB 26_27-43024,0,0,0,0,0,0,1,20260705,20260816
MGB 25_26-42691,0,0,0,0,0,0,1,20260628,20260628
QR 26_27-43075,1,1,1,1,0,0,0,20260720,20260820
QR 26_27-43077,0,0,0,0,0,1,0,20260711,20260822
QR 26_27-43078,0,0,0,0,1,0,0,20260724,20260821
QR 26_27-43080,0,0,0,0,0,0,1,20260712,20260816
GCLR 25_26-43299,1,1,1,1,0,0,0,20260623,20260625
GCLR 26_27-43303,1,1,1,1,0,0,0,20260629,20260820
PRT 26_27-42921,1,1,1,1,1,1,1,20260810,20260810
PRT 26_27-42921-1111111,1,1,1,1,1,1,1,20260810,20260810
PRT 26_27-42922,0,0,1,0,0,0,0,20260812,20260812
PRT 26_27-42920,1,1,1,1,1,0,0,20260713,20260821
PRT 25_26-42272,1,1,1,1,1,0,0,20260623,20260626
PRT 26_27-42923,1,1,1,1,1,0,0,20260629,20260710
PRT 26_27-42925,0,0,0,0,0,1,0,20260704,20260822
PRT 25_26-42276,0,0,0,0,0,1,0,20260627,20260627
PRT 26_27-42919,0,0,0,0,0,0,1,20260705,20260816
PRT 25_26-42275,0,0,0,0,0,0,1,20260628,20260628
GCLR 25_26-43301,0,0,0,0,0,1,0,20260627,20260627
GCLR 26_27-43305,0,0,0,0,0,1,0,20260704,20260822
SBL 26_27-42890,1,1,1,1,1,0,0,20260629,20260710
SBL 26_27-42890-1111000,1,1,1,1,0,0,0,20260629,20260710
SBL 26_27-42890-0000100,0,0,0,0,1,0,0,20260629,20260710
SBL 26_27-42893,1,1,1,1,1,0,0,20260713,20260821
SBL 26_27-42893-1111000,1,1,1,1,0,0,0,20260713,20260821
SBL 26_27-42893-0000100,0,0,0,0,1,0,0,20260713,20260821
SBL 25_26-42612,1,1,1,1,1,0,0,20260623,20260626
SBL 25_26-42612-1111000,1,1,1,1,0,0,0,20260623,20260626
SBL 25_26-42612-0000100,0,0,0,0,1,0,0,20260623,20260626
SBL 26_27-42892,0,0,0,0,0,1,0,20260704,20260822
SBL 25_26-42611,0,0,0,0,0,1,0,20260627,20260627
SBL 26_27-42891,0,0,0,0,0,0,1,20260705,20260816
SBL 25_26-42610,0,0,0,0,0,0,1,20260628,20260628
ATS_HBL 26-41689,0,0,0,0,0,1,0,20260627,20260822
ATS_HBL 26-41691,0,0,0,0,0,0,1,20260628,20260719
SMBI 25_26-40690,0,0,0,0,0,1,0,20260627,20260627
SMBI 26_27-43030,0,0,0,0,0,1,0,20260704,20260822
SMBI 25_26-40693,0,0,0,0,0,0,1,20260628,20260628
SMBI 26_27-43032,0,0,0,0,0,0,1,20260705,20260816
SMBI 25_26-40691,1,1,1,1,1,0,0,20260623,20260626
SMBI 26_27-43031,1,1,1,1,1,0,0,20260629,20260821
SUN 26_27-42900,1,1,1,1,1,0,0,20260629,20260710
SUN 26_27-42900-0010000,0,0,1,0,0,0,0,20260629,20260710
SUN 26_27-42900-1111000,1,1,1,1,0,0,0,20260629,20260710
SUN 26_27-42900-0000100,0,0,0,0,1,0,0,20260629,20260710
SUN 26_27-42900-1110100,1,1,1,0,1,0,0,20260629,20260710
SUN 26_27-42900-0001000,0,0,0,1,0,0,0,20260629,20260710
SUN 26_27-42901,1,1,1,1,1,0,0,20260713,20260821
SUN 26_27-42901-0010000,0,0,1,0,0,0,0,20260713,20260821
SUN 26_27-42901-1111000,1,1,1,1,0,0,0,20260713,20260821
SUN 26_27-42901-0000100,0,0,0,0,1,0,0,20260713,20260821
SUN 26_27-42901-1110100,1,1,1,0,1,0,0,20260713,20260821
SUN 26_27-42901-0001000,0,0,0,1,0,0,0,20260713,20260821
SUN 25_26-41816,1,1,1,1,1,0,0,20260623,20260626
SUN 25_26-41816-0010000,0,0,1,0,0,0,0,20260623,20260626
SUN 25_26-41816-1111000,1,1,1,1,0,0,0,20260623,20260626
SUN 25_26-41816-0000100,0,0,0,0,1,0,0,20260623,20260626
SUN 25_26-41816-1110100,1,1,1,0,1,0,0,20260623,20260626
SUN 25_26-41816-0001000,0,0,0,1,0,0,0,20260623,20260626
SUN 26_27-42903,0,0,0,0,0,1,0,20260704,20260822
SUN 25_26-41815,0,0,0,0,0,1,0,20260627,20260627
SUN 26_27-42904,0,0,0,0,0,0,1,20260705,20260816
SUN 25_26-41817,0,0,0,0,0,0,1,20260628,20260628
GCLR 25_26-43298,0,0,0,0,0,0,1,20260628,20260628
GCLR 26_27-43306,0,0,0,0,0,0,1,20260705,20260816
TBS 26_27-42595,1,1,1,1,1,0,0,20260713,20260821
TBS 25_26-41784,1,1,1,1,1,0,0,20260623,20260626
TBS 26_27-42597,1,1,1,1,1,0,0,20260629,20260710
TBS 26_27-42599,0,0,0,0,0,1,0,20260704,20260822
TBS 25_26-41786,0,0,0,0,0,1,0,20260627,20260627
TBS 26_27-42593,0,0,0,0,0,0,1,20260705,20260816
TBS 25_26-41787,0,0,0,0,0,0,1,20260628,20260628
QR 25_26-43357,1,1,1,1,0,0,0,20260623,20260625
QR 25_26-43358,0,0,0,0,1,0,0,20260626,20260626
QR 25_26-43359,0,0,0,0,0,1,0,20260627,20260627
QR 25_26-43362,0,0,0,0,0,0,1,20260628,20260628
QR 26_27-43365,1,1,1,1,0,0,0,20260629,20260702
QR 26_27-43366,0,0,0,0,1,0,0,20260703,20260703
QR 26_27-43368,0,0,0,0,0,1,0,20260704,20260704
QR 26_27-43369,0,0,0,0,0,0,1,20260705,20260705
QR 26_27-43370,1,1,1,1,0,0,0,20260706,20260707
QR 26_27-43370-1000000,1,0,0,0,0,0,0,20260706,20260707
QR 26_27-43378,1,1,1,1,0,0,0,20260708,20260708
QR 26_27-43371,1,1,1,1,0,0,0,20260709,20260709
QR 26_27-43372,0,0,0,0,1,0,0,20260710,20260717
QR 26_27-43379,1,1,1,1,0,0,0,20260713,20260716
TDEV 26_27-43011,1,1,1,1,1,0,0,20260713,20260821
TDEV 25_26-42721,1,1,1,1,1,0,0,20260623,20260626
TDEV 26_27-43016,1,1,1,1,1,0,0,20260629,20260710
TDEV 26_27-43012,0,0,0,0,0,1,0,20260704,20260822
TDEV 25_26-42724,0,0,0,0,0,1,0,20260627,20260627
TDEV 26_27-43013,0,0,0,0,0,0,1,20260705,20260816
TDEV 25_26-42725,0,0,0,0,0,0,1,20260628,20260628
TSQ 26_27-43042,0,0,0,0,0,1,0,20260704,20260822
TSQ 25_26-40990,0,0,0,0,0,1,0,20260627,20260627
TSQ 26_27-43041,0,0,0,0,0,0,1,20260705,20260816
TSQ 25_26-40988,0,0,0,0,0,0,1,20260628,20260628
TSQ 26_27-43040,1,1,1,1,1,0,0,20260629,20260821
TSQ 25_26-40989,1,1,1,1,1,0,0,20260623,20260626
WBS 26_27-42911,0,0,1,0,0,0,0,20260812,20260812
WBS 26_27-42910,1,1,1,1,1,0,0,20260713,20260821
WBS 25_26-42529,1,1,1,1,1,0,0,20260623,20260626
WBS 26_27-42912,1,1,1,1,1,0,0,20260629,20260710
WBS 26_27-42909,0,0,0,0,0,1,0,20260704,20260822
WBS 25_26-42526,0,0,0,0,0,1,0,20260627,20260627
WBS 26_27-42914,0,0,0,0,0,0,1,20260705,20260816
WBS 25_26-42527,0,0,0,0,0,0,1,20260628,20260628
